E: 1598264698.719283 0000 0000 0
E: 1598264698.727296 0002 0000 -500
